======================================
    IID: 0
    Dataset: cifar
    Model: resnet
    Model Init: None
    Aggregation Function: avg
    -----No Attack-----
    Number of agents: 100
    Fraction of agents each turn: 10(10.0%)
    Local batch size: 50
    Local epoch: 3
    Client_LR: 0.01
    Client_Momentum: 0.9
    Global Rounds: 50
======================================
main_task_accuracy=[0.0001, 11.289999961853027, 27.18000030517578, 40.58000183105469, 36.36000061035156, 44.15999984741211, 41.790000915527344, 45.0099983215332, 52.5099983215332, 52.84000015258789, 58.150001525878906, 55.47999954223633, 58.619998931884766, 61.2400016784668, 58.86000061035156, 61.43000030517578, 58.13999938964844, 62.97999954223633, 61.02000045776367, 62.90999984741211, 62.04999923706055, 61.40999984741211, 58.540000915527344, 65.9000015258789, 66.87000274658203, 66.86000061035156, 66.73999786376953, 67.04000091552734, 66.9000015258789, 65.69000244140625, 67.88999938964844, 68.12000274658203, 68.5999984741211, 67.55999755859375, 69.4000015258789, 68.45999908447266, 69.63999938964844, 68.61000061035156, 70.38999938964844, 66.76000213623047, 65.98999786376953, 68.41000366210938, 69.4000015258789, 68.1500015258789, 68.9800033569336, 68.04000091552734, 67.61000061035156, 69.16999816894531, 69.77999877929688, 70.47000122070312, 71.05000305175781]
backdoor_accuracy=[0, 0.0, 32.6, 5.3, 12.3, 11.9, 43.0, 17.4, 17.0, 15.0, 14.2, 10.7, 8.7, 6.9, 11.2, 16.0, 5.9, 5.7, 13.7, 6.4, 4.9, 4.3, 5.5, 6.8, 4.5, 5.1, 11.6, 2.7, 8.8, 10.2, 13.6, 7.5, 10.1, 3.9, 8.9, 3.5, 15.1, 2.5, 6.6, 4.6, 11.3, 13.4, 1.3, 7.6, 4.9, 6.7, 3.8, 15.4, 5.0, 11.6, 6.9]
BBSR:15.4
ABSR:8.54
max acc:71.05
