======================================
    IID: 0
    Dataset: cifar
    Model: resnet
    Model Init: None
    Aggregation Function: avg
    -----No Attack-----
    Number of agents: 100
    Fraction of agents each turn: 10(10.0%)
    Local batch size: 50
    Local epoch: 3
    Client_LR: 0.01
    Client_Momentum: 0.9
    Global Rounds: 50
======================================
main_task_accuracy=[0.0001, 10.119999885559082, 26.06999969482422, 37.9900016784668, 42.540000915527344, 47.13999938964844, 48.63999938964844, 51.619998931884766, 52.5099983215332, 54.11000061035156, 54.439998626708984, 56.310001373291016, 58.790000915527344, 61.02000045776367, 60.540000915527344, 61.95000076293945, 57.91999816894531, 59.75, 63.77000045776367, 64.45999908447266, 63.56999969482422, 64.22000122070312, 63.63999938964844, 65.05999755859375, 67.0199966430664, 66.16999816894531, 64.9800033569336, 64.86000061035156, 65.73999786376953, 68.80000305175781, 66.88999938964844, 68.2699966430664, 68.54000091552734, 69.44000244140625, 65.93000030517578, 68.43000030517578, 69.47000122070312, 68.5199966430664, 69.66000366210938, 69.41999816894531, 68.06999969482422, 68.94999694824219, 70.72000122070312, 68.62000274658203, 67.66000366210938, 69.0999984741211, 67.19999694824219, 70.8499984741211, 66.44000244140625, 68.95999908447266, 68.20999908447266]
backdoor_accuracy=[0, 0.0, 8.9, 27.1, 1.8, 4.5, 13.1, 3.4, 2.9, 1.1, 2.0, 7.8, 5.2, 9.5, 10.1, 4.5, 33.8, 3.9, 13.1, 8.6, 3.3, 5.1, 8.8, 8.6, 8.8, 5.9, 15.1, 2.5, 9.2, 9.7, 4.7, 5.8, 5.6, 9.8, 7.0, 7.1, 6.1, 6.0, 11.7, 6.9, 4.9, 13.3, 7.3, 2.2, 3.4, 10.1, 3.3, 5.4, 4.8, 2.0, 5.1]
BBSR:5.4
ABSR:4.12
max acc:70.85
